## 카메라로 찍어서 대강 파악한 안테나 위치(실제 계산에 절대로 적용 X)
S1-RX
37.85346531934759, 60.13578220686101
39.682208007978716, 61.9780981124063
41.42586980034295, 65.60258843391782
43.25361932676084, 67.38752163380968

S1-TX
35.86978932545229, 29.247885618561966
37.717071042063736, 25.463385829363062
39.71299603658889, 23.569204786015675

S2-RX
35.80262507551211, 85.2545444560382
37.67916964138614, 85.34378603987037
41.13899719918723, 85.2449338239332
44.89208633093526, 85.42341699159755

S2-TX
22.73058429846454, 10.218345856252498
24.66857483055117, 8.325820083260481
26.514863384949383, 4.48393758840821

S3-RX
45.024427552953426, 69.23149280971036
46.91011154180984, 71.01477073924686
48.76401433984283, 70.96180208787447
52.4747994225485, 71.02801290208994

S3-TX
41.559284590987104, 19.72732229116336
45.40911238354525, 17.780172596443606
47.34710291563188, 15.887646823451576

S4-RX
26.81860618375529, 74.5112307100884
28.612773903014993, 78.17425448953813
30.40447031687628, 81.69449173485637
34.040584326432, 83.44774562029764

S4-TX
17.067242304544838, 17.901007332386826
18.947298374192936, 16.010136829750195
20.827354443841028, 14.119266327113593
